Check Num (every 0.1 seconds): 1
Close Contacts: 93
0 8
0 10
0 17
0 32
1 4
1 5
1 7
2 26
2 59
3 19
4 5
4 7
4 68
6 10
6 11
6 15
6 58
7 14
7 68
8 17
8 32
8 70
8 79
8 89
9 14
9 54
9 68
9 80
10 11
10 15
10 58
11 15
11 38
11 58
12 16
12 17
12 44
13 18
14 54
14 68
15 38
15 58
16 44
17 44
17 79
17 89
20 73
20 85
20 97
21 77
22 65
22 76
23 45
24 48
24 49
24 63
25 93
26 59
27 60
28 81
29 37
29 64
29 94
30 46
30 50
31 95
32 70
33 67
34 43
34 84
37 64
37 94
42 72
43 84
44 89
46 50
46 92
49 63
50 72
51 60
53 87
54 68
54 80
55 67
61 66
64 94
64 96
65 76
76 96
79 89
81 86
83 99
85 97
Check Num (every 0.1 seconds): 2
Close Contacts: 93
0 8
0 10
0 17
0 32
1 4
1 5
1 7
2 26
2 59
3 19
4 5
4 7
4 68
6 10
6 11
6 15
6 58
7 14
7 68
8 17
8 32
8 70
8 79
8 89
9 14
9 54
9 68
9 80
10 11
10 15
10 58
11 15
11 38
11 58
12 16
12 17
12 44
13 18
14 54
14 68
15 38
15 58
16 44
17 44
17 79
17 89
20 73
20 85
20 97
21 77
22 65
22 76
23 45
24 48
24 49
24 63
25 93
26 59
27 60
28 81
29 37
29 64
29 94
30 46
30 50
31 95
32 70
33 67
34 43
34 84
37 64
37 94
42 72
43 84
44 89
46 50
46 92
49 63
50 72
51 60
53 87
54 68
54 80
55 67
61 66
64 94
64 96
65 76
76 96
79 89
81 86
83 99
85 97
Check Num (every 0.1 seconds): 3
Close Contacts: 93
0 8
0 10
0 17
0 32
1 4
1 5
1 7
2 26
2 59
3 19
4 5
4 7
4 68
6 10
6 11
6 15
6 58
7 14
7 68
8 17
8 32
8 70
8 79
8 89
9 14
9 54
9 68
9 80
10 11
10 15
10 58
11 15
11 38
11 58
12 16
12 17
12 44
13 18
14 54
14 68
15 38
15 58
16 44
17 44
17 79
17 89
20 73
20 85
20 97
21 77
22 65
22 76
23 45
24 48
24 49
24 63
25 93
26 59
27 60
28 81
29 37
29 64
29 94
30 46
30 50
31 95
32 70
33 67
34 43
34 84
37 64
37 94
42 72
43 84
44 89
46 50
46 92
49 63
50 72
51 60
53 87
54 68
54 80
55 67
61 66
64 94
64 96
65 76
76 96
79 89
81 86
83 99
85 97
Check Num (every 0.1 seconds): 4
Close Contacts: 92
0 8
0 10
0 17
0 32
1 4
1 5
1 7
2 26
2 59
3 19
4 5
4 7
4 68
6 10
6 11
6 15
6 58
7 14
7 68
8 32
8 70
8 79
8 89
9 14
9 54
9 68
9 80
10 11
10 15
10 58
11 15
11 38
11 58
12 16
12 17
12 44
13 18
14 54
14 68
15 38
15 58
16 44
17 44
17 79
17 89
20 73
20 85
20 97
21 77
22 65
22 76
23 45
24 48
24 49
24 63
25 93
26 59
27 60
28 81
29 37
29 64
29 94
30 46
30 50
31 95
32 70
33 67
34 43
34 84
37 64
37 94
42 72
43 84
44 89
46 50
46 92
49 63
50 72
51 60
53 87
54 68
54 80
55 67
61 66
64 94
64 96
65 76
76 96
79 89
81 86
83 99
85 97
Check Num (every 0.1 seconds): 5
Close Contacts: 91
0 8
0 10
0 17
0 32
1 4
1 5
1 7
2 26
2 59
3 19
4 5
4 7
4 68
6 10
6 11
6 15
6 58
7 14
7 68
8 32
8 79
8 89
9 14
9 54
9 68
9 80
10 11
10 15
10 58
11 15
11 38
11 58
12 16
12 17
12 44
13 18
14 54
14 68
15 38
15 58
16 44
17 44
17 79
17 89
20 73
20 85
20 97
21 77
22 65
22 76
23 45
24 48
24 49
24 63
25 93
26 59
27 60
28 81
29 37
29 64
29 94
30 46
30 50
31 95
32 70
33 67
34 43
34 84
37 64
37 94
42 72
43 84
44 89
46 50
46 92
49 63
50 72
51 60
53 87
54 68
54 80
55 67
61 66
64 94
64 96
65 76
76 96
79 89
81 86
83 99
85 97
Check Num (every 0.1 seconds): 6
Close Contacts: 91
0 8
0 10
0 17
0 32
1 4
1 5
1 7
2 26
2 59
3 19
4 5
4 7
4 68
6 10
6 11
6 15
6 58
7 14
7 68
8 32
8 79
8 89
9 14
9 54
9 68
9 80
10 11
10 15
10 58
11 15
11 38
11 58
12 16
12 17
12 44
13 18
14 54
14 68
15 38
15 58
16 44
17 44
17 79
17 89
20 73
20 85
20 97
21 77
22 65
22 76
23 45
24 48
24 49
24 63
25 93
26 59
27 60
28 81
29 37
29 64
29 94
30 46
30 50
31 95
32 70
33 67
34 43
34 84
37 64
37 94
42 72
43 84
44 89
46 50
46 92
49 63
50 72
51 60
53 87
54 68
54 80
55 67
61 66
64 94
64 96
65 76
76 96
79 89
81 86
83 99
85 97
Check Num (every 0.1 seconds): 7
Close Contacts: 90
0 8
0 10
0 17
0 32
1 4
1 5
1 7
2 26
2 59
3 19
4 5
4 7
4 68
6 10
6 11
6 15
6 58
7 14
7 68
8 32
8 79
8 89
9 14
9 54
9 68
9 80
10 11
10 15
10 58
11 15
11 38
11 58
12 16
12 17
12 44
13 18
14 68
15 38
15 58
16 44
17 44
17 79
17 89
20 73
20 85
20 97
21 77
22 65
22 76
23 45
24 48
24 49
24 63
25 93
26 59
27 60
28 81
29 37
29 64
29 94
30 46
30 50
31 95
32 70
33 67
34 43
34 84
37 64
37 94
42 72
43 84
44 89
46 50
46 92
49 63
50 72
51 60
53 87
54 68
54 80
55 67
61 66
64 94
64 96
65 76
76 96
79 89
81 86
83 99
85 97
Check Num (every 0.1 seconds): 8
Close Contacts: 88
0 8
0 10
0 32
1 4
1 5
1 7
2 26
2 59
3 19
4 5
4 7
4 68
6 10
6 11
6 15
6 58
7 14
7 68
8 32
8 79
8 89
9 14
9 54
9 68
9 80
10 11
10 15
10 58
11 15
11 38
11 58
12 16
12 17
12 44
13 18
14 68
15 38
15 58
16 44
17 44
17 79
17 89
20 73
20 85
20 97
21 77
22 65
22 76
23 45
24 48
24 49
24 63
25 93
26 59
27 60
29 37
29 64
29 94
30 46
30 50
31 95
32 70
33 67
34 43
34 84
37 64
37 94
42 72
43 84
44 89
46 50
46 92
49 63
50 72
51 60
53 87
54 68
54 80
55 67
61 66
64 94
64 96
65 76
76 96
79 89
81 86
83 99
85 97
Check Num (every 0.1 seconds): 9
Close Contacts: 89
0 8
0 10
0 32
1 4
1 5
1 7
2 26
2 59
3 18
3 19
4 5
4 7
4 68
6 10
6 11
6 15
6 58
7 14
7 68
8 32
8 79
8 89
9 14
9 54
9 68
9 80
10 11
10 15
10 58
11 15
11 38
11 58
12 16
12 17
12 44
13 18
14 68
15 38
15 58
17 44
17 79
17 89
20 73
20 85
20 97
21 77
22 65
22 76
23 45
24 48
24 49
24 63
25 93
26 59
27 60
29 37
29 64
29 94
30 46
30 50
31 95
32 70
33 67
34 43
34 84
37 64
37 94
40 47
42 72
43 84
44 89
46 50
46 92
49 63
50 72
51 60
53 87
54 68
54 80
55 67
61 66
64 94
64 96
65 76
76 96
79 89
81 86
83 99
85 97
Check Num (every 0.1 seconds): 10
Close Contacts: 87
0 8
0 10
0 32
1 4
1 5
1 7
2 26
2 59
3 18
4 5
4 7
4 68
6 10
6 11
6 15
6 58
7 14
7 68
8 32
8 79
8 89
9 14
9 54
9 68
10 11
10 15
10 58
11 15
11 38
11 58
12 16
12 17
12 44
13 18
14 68
15 38
15 58
17 44
17 79
17 89
20 73
20 85
20 97
21 77
22 65
22 76
23 45
24 48
24 49
24 63
25 93
26 59
27 60
29 37
29 64
29 94
30 46
30 50
31 95
32 70
33 67
34 43
34 84
37 64
37 94
40 47
42 72
43 84
44 89
46 50
46 92
49 63
50 72
51 60
53 87
54 68
54 80
55 67
61 66
64 94
64 96
65 76
76 96
79 89
81 86
83 99
85 97
Check Num (every 0.1 seconds): 11
Close Contacts: 86
0 8
0 10
0 32
1 4
1 5
1 7
2 26
2 59
3 18
4 5
4 7
4 68
6 10
6 11
6 15
6 58
7 14
7 68
8 32
8 79
8 89
9 14
9 54
9 68
10 11
10 15
10 58
11 15
11 58
12 16
12 17
12 44
13 18
14 68
15 38
15 58
17 44
17 79
17 89
20 73
20 85
20 97
21 77
22 65
22 76
23 45
24 48
24 49
24 63
25 93
26 59
27 60
29 37
29 64
29 94
30 46
30 50
31 95
32 70
33 67
34 43
34 84
37 64
37 94
40 47
42 72
43 84
44 89
46 50
46 92
49 63
50 72
51 60
53 87
54 68
54 80
55 67
61 66
64 94
64 96
65 76
76 96
79 89
81 86
83 99
85 97
Check Num (every 0.1 seconds): 12
Close Contacts: 88
0 8
0 10
0 32
0 58
1 4
1 5
1 7
1 68
2 26
2 59
3 18
4 5
4 7
4 68
6 10
6 11
6 15
6 58
7 14
7 68
8 32
8 79
8 89
9 14
9 54
9 68
10 11
10 15
10 58
11 15
11 58
12 16
12 17
12 44
13 18
14 68
15 38
15 58
16 38
17 44
17 89
20 73
20 85
20 97
21 77
22 65
22 76
23 45
24 48
24 49
24 63
25 93
26 59
27 60
29 37
29 64
29 94
30 46
30 50
31 95
32 70
33 67
34 43
34 84
37 64
37 94
40 47
42 72
43 84
44 89
46 50
46 92
49 63
50 72
51 60
53 87
54 68
54 80
55 67
61 66
64 94
64 96
65 76
76 96
79 89
81 86
83 99
85 97
Check Num (every 0.1 seconds): 13
Close Contacts: 88
0 8
0 10
0 32
0 58
1 4
1 5
1 7
1 68
2 26
2 59
3 18
4 5
4 7
4 68
6 10
6 11
6 15
6 58
7 14
7 68
8 32
8 79
8 89
9 14
9 54
9 68
10 11
10 15
10 58
11 15
11 58
12 16
12 17
12 44
13 18
14 68
15 38
15 58
16 38
17 44
17 89
20 73
20 85
20 97
21 77
22 65
22 76
23 45
24 48
24 49
24 63
25 93
26 59
27 60
29 37
29 64
29 94
30 46
30 50
31 95
32 70
33 67
34 43
34 84
37 64
37 94
40 47
42 72
43 84
44 89
46 50
46 92
49 63
50 72
51 60
53 87
54 68
54 80
55 67
61 66
64 94
64 96
65 76
76 96
79 89
81 86
83 99
85 97
Check Num (every 0.1 seconds): 14
Close Contacts: 88
0 8
0 10
0 32
0 58
1 4
1 5
1 7
1 68
2 26
2 59
3 18
4 5
4 7
4 68
6 10
6 11
6 15
6 58
7 14
7 68
8 32
8 79
8 89
9 14
9 54
9 68
10 11
10 15
10 58
11 15
11 58
12 16
12 17
12 44
13 18
14 68
15 38
15 58
16 38
17 44
17 89
20 73
20 85
20 97
21 77
22 65
22 76
23 45
24 48
24 49
24 63
25 93
26 59
27 60
29 37
29 64
29 94
30 46
30 50
31 95
32 70
33 67
34 43
34 84
37 64
37 94
40 47
42 72
43 84
44 89
46 50
46 92
49 63
50 72
51 60
53 87
54 68
54 80
55 67
61 66
64 94
64 96
65 76
76 96
79 89
81 86
83 99
85 97
Check Num (every 0.1 seconds): 15
Close Contacts: 87
0 8
0 10
0 32
0 58
1 4
1 5
1 7
1 68
2 26
2 59
3 18
4 5
4 7
4 68
6 10
6 11
6 15
6 58
7 14
7 68
8 32
8 79
8 89
9 14
9 54
9 68
10 11
10 15
10 58
11 15
11 58
12 16
12 17
12 44
13 18
14 68
15 38
15 58
16 38
17 44
17 89
20 73
20 85
20 97
21 77
22 65
22 76
23 45
24 48
24 49
24 63
25 93
26 59
27 60
29 37
29 64
29 94
30 46
30 50
31 95
32 70
33 67
34 43
34 84
37 64
37 94
40 47
42 72
43 84
44 89
46 50
46 92
49 63
50 72
51 60
53 87
54 80
55 67
61 66
64 94
64 96
65 76
76 96
79 89
81 86
83 99
85 97
Check Num (every 0.1 seconds): 16
Close Contacts: 86
0 8
0 10
0 32
0 58
1 4
1 5
1 7
1 68
2 26
2 59
3 18
4 5
4 7
4 68
6 10
6 11
6 15
6 58
7 14
7 68
8 32
8 79
8 89
9 14
9 54
9 68
10 11
10 15
10 58
11 15
11 58
12 16
12 17
12 38
12 44
13 18
14 68
15 58
16 38
17 44
17 89
20 73
20 85
20 97
21 77
22 65
22 76
23 45
24 48
24 49
24 63
25 93
26 59
27 60
29 37
29 64
29 94
30 46
30 50
31 95
32 70
33 67
34 43
34 84
37 64
37 94
40 47
42 72
43 84
46 50
46 92
49 63
50 72
51 60
53 87
54 80
55 67
61 66
64 94
64 96
65 76
76 96
79 89
81 86
83 99
85 97
Check Num (every 0.1 seconds): 17
Close Contacts: 86
0 8
0 10
0 32
0 58
1 4
1 5
1 7
1 68
2 26
2 59
3 18
4 5
4 7
4 68
6 10
6 11
6 15
6 58
7 14
7 68
8 32
8 79
8 89
9 14
9 54
9 68
10 11
10 15
10 58
11 15
11 58
12 16
12 17
12 38
12 44
13 18
14 68
15 58
16 38
17 44
17 89
20 73
20 85
20 97
21 77
22 65
22 76
23 45
24 48
24 49
24 63
25 93
26 59
27 60
29 37
29 64
29 94
30 46
30 50
31 95
32 70
33 67
34 43
34 84
37 64
37 94
40 47
42 72
43 84
46 50
46 92
49 63
50 72
51 60
53 87
54 80
55 67
61 66
64 94
64 96
65 76
76 96
79 89
81 86
83 99
85 97
Check Num (every 0.1 seconds): 18
Close Contacts: 86
0 8
0 10
0 32
0 58
1 4
1 5
1 7
1 68
2 26
2 59
3 18
4 5
4 7
4 68
6 10
6 11
6 15
6 58
7 14
7 68
8 32
8 79
8 89
9 14
9 54
9 68
10 11
10 15
10 58
11 15
11 58
12 16
12 17
12 38
12 44
13 18
14 68
15 58
16 38
17 44
17 89
20 73
20 85
20 97
21 77
22 65
22 76
23 45
24 48
24 49
24 63
25 93
26 59
27 60
29 37
29 64
29 94
30 46
30 50
31 95
32 70
33 67
34 43
34 84
37 64
37 94
40 47
42 72
43 84
46 50
46 92
49 63
50 72
51 60
53 87
54 80
55 67
61 66
64 94
64 96
65 76
76 96
79 89
81 86
83 99
85 97
Check Num (every 0.1 seconds): 19
Close Contacts: 86
0 8
0 10
0 32
0 58
1 4
1 5
1 7
1 68
2 26
2 59
3 18
4 5
4 7
4 68
6 10
6 11
6 15
6 58
7 14
7 68
8 32
8 79
8 89
9 14
9 54
9 68
10 11
10 15
10 58
11 15
11 58
12 16
12 17
12 38
12 44
13 18
14 68
15 58
16 38
17 44
17 89
20 73
20 85
20 97
21 77
22 65
22 76
23 45
24 48
24 49
24 63
25 93
26 59
27 60
29 37
29 64
29 94
30 46
30 50
31 95
32 70
33 67
34 43
34 84
37 64
37 94
40 47
42 72
43 84
46 50
46 92
49 63
50 72
51 60
53 87
54 80
55 67
61 66
64 94
64 96
65 76
76 96
79 89
81 86
83 99
85 97
Check Num (every 0.1 seconds): 20
Close Contacts: 85
0 8
0 10
0 32
0 58
1 4
1 5
1 7
1 68
2 26
2 59
3 18
4 5
4 7
4 68
6 10
6 11
6 15
6 58
7 14
7 68
8 17
8 32
8 79
8 89
9 14
9 54
9 68
10 11
10 15
10 58
11 15
11 58
12 16
12 17
12 38
12 44
13 18
14 68
15 58
16 38
17 44
17 89
20 73
20 85
20 97
21 77
22 65
22 76
23 45
24 48
24 49
24 63
25 93
26 59
27 60
29 37
29 64
30 50
31 95
32 70
33 67
34 43
34 84
37 64
37 94
40 47
42 72
43 84
46 50
46 92
49 63
50 72
51 60
53 87
54 80
55 67
61 66
64 94
64 96
65 76
76 96
79 89
81 86
83 99
85 97
Check Num (every 0.1 seconds): 21
Close Contacts: 83
0 8
0 10
0 58
1 4
1 5
1 7
2 26
2 59
3 18
4 5
4 7
4 68
6 10
6 11
6 58
7 14
7 68
8 17
8 79
8 89
9 14
9 54
9 68
10 11
10 15
10 58
11 15
11 58
12 16
12 17
12 38
12 44
13 18
14 68
15 44
15 58
16 38
17 44
17 89
20 73
20 85
20 97
21 77
22 65
22 76
23 45
24 48
24 49
24 63
25 93
26 59
27 60
29 37
29 64
30 50
31 95
32 70
33 67
34 43
34 84
37 64
37 94
38 44
40 47
42 72
43 84
46 50
46 92
49 63
50 72
51 60
53 87
54 80
55 67
61 66
64 94
64 96
65 76
76 96
79 89
81 86
83 99
85 97
Check Num (every 0.1 seconds): 22
Close Contacts: 83
0 8
0 10
0 58
1 4
1 5
1 7
2 26
2 59
3 18
4 5
4 7
4 68
6 10
6 11
6 58
7 14
7 68
8 17
8 79
8 89
9 14
9 54
9 68
10 11
10 15
10 58
11 15
11 58
12 16
12 17
12 38
12 44
13 18
14 68
15 44
15 58
16 38
17 44
17 89
20 73
20 85
20 97
21 77
22 65
22 76
23 45
24 48
24 49
24 63
25 93
26 59
27 60
29 37
29 64
30 50
31 95
32 70
33 67
34 43
34 84
37 64
37 94
38 44
40 47
42 72
43 84
46 50
46 92
49 63
50 72
51 60
53 87
54 80
55 67
61 66
64 94
64 96
65 76
76 96
79 89
81 86
83 99
85 97
