Check Num (every 0.1 seconds): 1
Close Contacts: 74
0 4
0 7
0 12
1 19
1 22
2 5
2 8
2 37
4 7
4 12
5 8
5 9
5 15
5 37
6 11
6 16
6 98
7 12
7 60
8 9
8 15
8 37
9 15
9 37
11 18
12 34
13 31
13 94
15 37
15 94
17 19
18 98
20 21
20 63
21 52
21 63
22 60
23 82
24 68
24 85
25 65
26 97
30 32
32 41
33 57
34 48
34 60
36 73
36 92
37 42
39 44
39 97
40 92
41 83
42 94
43 96
44 58
46 52
46 93
48 60
52 75
52 93
54 74
56 70
56 73
61 91
62 64
66 95
67 84
68 85
71 81
76 89
77 79
79 80
Check Num (every 0.1 seconds): 2
Close Contacts: 75
0 4
0 7
0 12
1 19
1 22
2 5
2 8
2 37
4 7
4 12
5 8
5 9
5 15
5 37
6 11
6 16
6 98
7 12
7 60
8 9
8 15
8 37
9 15
9 37
11 18
12 34
13 31
13 94
15 37
15 94
17 19
18 98
20 21
20 63
21 52
21 63
22 60
23 82
24 68
24 85
25 65
26 97
30 32
32 41
33 57
34 48
34 60
36 73
36 92
37 42
39 44
39 97
40 92
41 83
42 94
43 96
44 58
45 59
46 52
46 93
48 60
52 75
52 93
54 74
56 70
56 73
61 91
62 64
66 95
67 84
68 85
71 81
76 89
77 79
79 80
Check Num (every 0.1 seconds): 3
Close Contacts: 74
0 4
0 7
0 12
1 19
1 22
2 5
2 8
2 37
4 7
4 12
5 8
5 9
5 15
5 37
6 11
6 16
6 98
7 12
8 9
8 15
8 37
9 15
9 37
11 18
12 34
13 31
13 94
15 37
15 94
17 19
18 98
20 21
20 63
21 52
21 63
22 60
23 82
24 68
24 85
25 65
26 97
30 32
32 41
33 57
34 48
34 60
36 73
36 92
37 42
39 44
39 97
40 92
41 83
42 94
43 96
44 58
45 59
46 52
46 93
48 60
52 75
52 93
54 74
56 70
56 73
61 91
62 64
66 95
67 84
68 85
71 81
76 89
77 79
79 80
Check Num (every 0.1 seconds): 4
Close Contacts: 72
0 4
0 7
0 12
1 19
1 22
2 5
2 8
2 37
4 7
4 12
5 8
5 9
5 15
5 37
6 11
6 16
6 98
7 12
8 9
8 15
8 37
9 15
9 37
11 18
13 94
15 37
15 94
17 19
18 98
20 21
20 63
21 52
21 63
22 60
23 82
24 68
24 85
25 65
26 97
30 32
32 41
33 57
34 48
34 60
36 73
36 92
37 42
39 44
39 97
40 92
41 83
42 94
43 96
44 58
45 59
46 52
46 93
48 60
52 75
52 93
54 74
56 70
56 73
61 91
62 64
66 95
67 84
68 85
71 81
76 89
77 79
79 80
Check Num (every 0.1 seconds): 5
Close Contacts: 71
0 4
0 7
0 12
1 19
1 22
2 5
2 8
2 37
4 7
4 12
5 8
5 9
5 15
5 37
6 11
6 16
6 98
7 12
8 9
8 15
8 37
9 15
9 37
11 18
13 94
15 37
15 94
17 19
18 98
20 21
20 63
21 52
21 63
22 60
23 82
24 68
24 85
25 65
26 97
32 41
33 57
34 48
34 60
36 73
36 92
37 42
39 44
39 97
40 92
41 83
42 94
43 96
44 58
45 59
46 52
46 93
48 60
52 75
52 93
54 74
56 70
56 73
61 91
62 64
66 95
67 84
68 85
71 81
76 89
77 79
79 80
Check Num (every 0.1 seconds): 6
Close Contacts: 71
0 4
0 7
0 12
1 19
1 22
2 5
2 8
2 37
4 7
4 12
5 8
5 9
5 15
5 37
6 11
6 16
6 98
7 12
8 9
8 15
8 37
9 15
9 37
11 18
13 94
15 37
15 94
17 19
18 98
20 21
20 63
21 52
21 63
22 60
23 82
24 68
24 85
25 65
26 97
32 41
33 57
34 48
34 60
36 73
36 92
37 42
39 44
39 97
40 92
41 83
42 94
43 96
44 58
45 59
46 52
46 93
48 60
52 75
52 93
54 74
56 70
56 73
61 91
62 64
66 95
67 84
68 85
71 81
76 89
77 79
79 80
Check Num (every 0.1 seconds): 7
Close Contacts: 71
0 4
0 7
0 12
1 19
1 22
2 5
2 8
2 37
4 7
4 12
5 8
5 9
5 15
6 11
6 16
6 98
7 12
8 9
8 15
8 37
9 15
9 37
11 18
13 94
15 37
15 94
17 19
18 98
20 21
20 40
20 63
21 52
21 63
22 60
23 82
24 68
24 85
25 65
26 97
32 41
33 57
34 48
34 60
36 73
36 92
37 42
39 44
39 97
40 92
41 83
42 94
43 96
44 58
45 59
46 52
46 93
48 60
52 75
52 93
54 74
56 70
56 73
61 91
62 64
66 95
67 84
68 85
71 81
76 89
77 79
79 80
Check Num (every 0.1 seconds): 8
Close Contacts: 69
0 4
0 7
0 12
1 17
1 19
1 22
2 5
2 8
2 37
4 7
5 8
5 9
5 15
6 11
6 16
6 98
7 12
8 9
8 15
8 37
9 15
9 37
11 18
13 94
15 37
15 94
17 19
20 21
20 40
20 63
21 52
21 63
23 82
24 68
24 85
25 65
26 97
32 41
33 57
34 48
34 60
36 73
36 92
37 42
39 44
39 97
40 92
41 83
42 94
43 96
44 58
45 59
46 52
46 93
48 60
52 75
52 93
54 74
56 70
56 73
61 91
62 64
66 95
67 84
68 85
71 81
76 89
77 79
79 80
Check Num (every 0.1 seconds): 9
Close Contacts: 69
0 4
0 7
0 12
1 17
1 19
1 22
2 5
2 8
2 37
4 7
5 8
5 9
5 15
6 11
6 16
6 98
7 12
8 9
8 15
8 37
9 15
9 37
11 18
13 94
15 37
15 94
17 19
20 21
20 40
20 63
21 52
21 63
23 82
24 68
24 85
25 65
26 97
32 41
33 57
34 48
34 60
36 73
36 92
37 42
39 44
39 97
40 92
41 83
42 94
43 96
44 58
45 59
46 52
46 93
48 60
52 75
52 93
54 74
56 70
56 73
61 91
62 64
66 95
67 84
68 85
71 81
76 89
77 79
79 80
Check Num (every 0.1 seconds): 10
Close Contacts: 69
0 4
0 7
0 12
1 17
1 19
1 22
2 5
2 8
2 37
4 7
5 8
5 9
5 15
6 11
6 16
6 98
7 12
8 9
8 15
8 37
9 15
9 37
11 18
13 94
15 37
15 94
17 19
20 21
20 40
20 63
21 52
21 63
23 82
24 68
24 85
25 65
26 97
32 41
33 57
34 48
34 60
36 73
36 92
37 42
39 44
39 97
40 92
41 83
42 94
43 96
44 58
45 59
46 52
46 93
48 60
52 75
52 93
54 74
56 70
56 73
61 91
62 64
66 95
67 84
68 85
71 81
76 89
77 79
79 80
Check Num (every 0.1 seconds): 11
Close Contacts: 68
0 4
0 7
0 12
1 17
1 19
1 22
2 5
2 8
4 7
5 8
5 9
5 15
6 11
6 16
6 98
7 12
8 9
8 15
8 37
9 15
9 37
11 18
13 94
15 37
15 94
17 19
20 21
20 40
20 63
21 52
21 63
23 82
24 68
24 85
25 65
26 97
32 41
33 57
34 48
34 60
36 73
36 92
37 42
39 44
39 97
40 92
41 83
42 94
43 96
44 58
45 59
46 52
46 93
48 60
52 75
52 93
54 74
56 70
56 73
61 91
62 64
66 95
67 84
68 85
71 81
76 89
77 79
79 80
Check Num (every 0.1 seconds): 12
Close Contacts: 67
0 4
0 7
0 12
1 17
1 19
1 22
2 5
2 8
4 7
5 8
5 9
5 15
6 16
6 98
7 12
8 9
8 15
8 37
9 15
9 37
11 18
13 94
15 37
15 94
17 19
20 21
20 40
20 63
21 52
21 63
23 82
24 68
24 85
25 65
26 97
32 41
33 57
34 48
34 60
36 73
36 92
37 42
39 44
39 97
40 92
41 83
42 94
43 96
44 58
45 59
46 52
46 93
48 60
52 75
52 93
54 74
56 70
56 73
61 91
62 64
66 95
67 84
68 85
71 81
76 89
77 79
79 80
Check Num (every 0.1 seconds): 13
Close Contacts: 67
0 4
0 7
1 17
1 19
1 22
2 5
2 8
4 7
5 8
5 9
5 15
6 16
6 98
7 12
8 9
8 15
8 37
9 15
9 37
11 18
13 94
15 37
15 94
17 19
20 21
20 40
20 63
21 52
21 63
23 82
24 68
24 85
25 65
26 97
31 32
32 41
33 57
34 48
34 60
36 73
36 92
37 42
39 44
39 97
40 92
41 83
42 94
43 96
44 58
45 59
46 52
46 93
48 60
52 75
52 93
54 74
56 70
56 73
61 91
62 64
66 95
67 84
68 85
71 81
76 89
77 79
79 80
Check Num (every 0.1 seconds): 14
Close Contacts: 68
0 4
0 7
0 89
1 17
1 19
1 22
2 5
2 8
4 7
5 8
5 9
5 15
6 16
6 98
7 12
8 9
8 15
8 37
9 15
9 37
11 18
13 94
15 37
15 94
17 19
20 21
20 40
20 63
21 52
21 63
23 82
24 68
24 85
25 65
26 97
31 32
32 41
33 57
34 48
34 60
36 73
36 92
37 42
39 44
39 97
40 92
41 83
42 94
43 96
44 58
45 59
46 52
46 93
48 60
52 75
52 93
54 74
56 70
56 73
61 91
62 64
66 95
67 84
68 85
71 81
76 89
77 79
79 80
Check Num (every 0.1 seconds): 15
Close Contacts: 67
0 4
0 7
0 89
1 17
1 19
1 22
2 5
2 8
4 7
5 8
5 9
5 15
6 16
7 12
8 9
8 15
8 37
9 15
9 37
11 18
13 94
15 37
15 94
17 19
19 22
20 21
20 40
20 63
21 52
21 63
23 82
24 68
24 85
25 65
26 97
31 32
32 41
33 57
34 48
34 60
36 73
36 92
39 44
39 97
40 92
41 83
42 94
43 96
44 58
45 59
46 52
46 93
48 60
52 75
52 93
54 74
56 70
56 73
61 91
62 64
66 95
67 84
68 85
71 81
76 89
77 79
79 80
Check Num (every 0.1 seconds): 16
Close Contacts: 67
0 4
0 7
0 89
1 17
1 19
1 22
2 5
2 8
4 7
5 8
5 9
5 15
6 16
7 12
8 9
8 15
8 37
9 15
9 37
11 18
13 94
15 37
15 94
17 19
19 22
20 21
20 40
20 63
21 52
21 63
23 82
24 68
24 85
25 65
26 97
31 32
32 41
33 57
34 48
34 60
36 73
36 92
39 44
39 97
40 92
41 83
42 94
43 96
44 58
45 59
46 52
46 93
48 60
52 75
52 93
54 74
56 70
56 73
61 91
62 64
66 95
67 84
68 85
71 81
76 89
77 79
79 80
Check Num (every 0.1 seconds): 17
Close Contacts: 67
0 4
0 7
0 89
1 17
1 19
1 22
2 5
2 8
4 7
5 8
5 9
5 15
6 16
7 12
8 9
8 15
8 37
9 15
9 37
11 18
13 94
15 37
15 94
17 19
19 22
20 21
20 40
20 63
21 52
21 63
23 82
24 68
24 85
25 65
26 97
31 32
32 41
33 57
34 48
34 60
36 73
36 92
39 44
39 97
40 92
41 83
42 94
43 96
44 58
45 59
46 52
46 93
48 60
52 75
52 93
54 74
56 70
56 73
61 91
62 64
66 95
67 84
68 85
71 81
76 89
77 79
79 80
Check Num (every 0.1 seconds): 18
Close Contacts: 67
0 4
0 7
0 89
1 17
1 19
1 22
2 5
2 8
4 7
5 8
5 9
5 15
6 16
7 12
8 9
8 15
8 37
9 15
9 37
11 18
13 94
15 37
15 94
17 19
19 22
20 21
20 40
20 63
21 52
21 63
23 82
24 68
24 85
25 65
26 97
31 32
32 41
33 57
34 48
34 60
36 73
36 92
39 44
39 97
40 92
41 83
42 94
43 96
44 58
45 59
46 52
46 93
48 60
52 75
52 93
54 74
56 70
56 73
61 91
62 64
66 95
67 84
68 85
71 81
76 89
77 79
79 80
Check Num (every 0.1 seconds): 19
Close Contacts: 68
0 4
0 7
0 89
1 17
1 19
1 22
2 5
2 8
4 7
5 8
5 9
5 15
6 16
7 12
8 9
8 15
8 37
9 15
9 37
11 18
12 23
13 94
15 37
15 94
17 19
19 22
20 21
20 40
20 63
21 52
21 63
23 82
24 68
24 85
25 65
26 97
31 32
32 41
33 57
34 48
34 60
36 73
36 92
39 44
39 97
40 92
41 83
42 94
43 96
44 58
45 59
46 52
46 93
48 60
52 75
52 93
54 74
56 70
56 73
61 91
62 64
66 95
67 84
68 85
71 81
76 89
77 79
79 80
Check Num (every 0.1 seconds): 20
Close Contacts: 69
0 4
0 7
0 89
1 17
1 19
1 22
2 5
2 8
4 7
5 8
5 9
5 15
6 16
7 12
8 9
8 15
8 37
9 15
9 37
11 18
12 23
13 94
15 37
15 94
17 19
18 86
19 22
20 21
20 40
20 63
21 52
21 63
23 82
24 68
24 85
25 65
26 97
31 32
32 41
33 57
34 48
34 60
36 73
36 92
39 44
39 97
40 92
41 83
42 94
43 96
44 58
45 59
46 52
46 93
48 60
52 75
52 93
54 74
56 70
56 73
61 91
62 64
66 95
67 84
68 85
71 81
76 89
77 79
79 80
Check Num (every 0.1 seconds): 21
Close Contacts: 69
0 4
0 7
0 89
1 19
1 22
2 5
2 8
4 7
4 12
5 8
5 9
5 15
6 16
7 12
8 9
8 15
8 37
9 15
9 37
12 23
13 94
15 37
15 94
17 19
18 86
19 22
20 21
20 40
20 63
21 52
21 63
23 82
24 68
24 85
25 65
26 97
31 32
32 41
33 57
34 48
34 60
36 73
36 92
39 44
39 97
40 92
41 83
42 94
43 96
44 58
45 59
45 71
46 52
46 93
48 60
52 75
52 93
54 74
56 70
56 73
61 91
62 64
66 95
67 84
68 85
71 81
76 89
77 79
79 80
Check Num (every 0.1 seconds): 22
Close Contacts: 69
0 4
0 89
1 19
1 22
2 5
2 8
4 7
4 12
5 8
5 9
5 15
6 16
7 12
8 9
8 15
8 37
9 15
9 37
12 23
13 94
15 37
15 94
16 98
17 19
18 86
19 22
20 21
20 40
20 63
21 52
21 63
23 82
24 68
24 85
25 65
26 97
31 32
32 41
33 57
34 48
34 60
36 73
36 92
39 44
39 97
40 92
41 83
42 94
43 96
44 58
45 59
45 71
46 52
46 93
48 60
52 75
52 93
54 74
56 70
56 73
61 91
62 64
66 95
67 84
68 85
71 81
76 89
77 79
79 80
Check Num (every 0.1 seconds): 23
Close Contacts: 69
0 4
0 89
1 19
1 22
2 5
2 8
4 7
4 12
5 8
5 9
5 15
6 16
7 12
8 9
8 15
8 37
9 15
9 37
12 23
13 94
15 37
15 94
16 98
17 19
18 86
19 22
20 21
20 40
20 63
21 52
21 63
23 82
24 68
24 85
25 65
26 97
31 32
32 41
33 57
34 48
34 60
36 73
36 92
39 44
39 97
40 92
41 83
42 94
43 96
44 58
45 59
45 71
46 52
46 93
48 60
52 75
52 93
54 74
56 70
56 73
61 91
62 64
66 95
67 84
68 85
71 81
76 89
77 79
79 80
Check Num (every 0.1 seconds): 24
Close Contacts: 69
0 4
0 89
1 19
1 22
2 5
2 8
4 7
4 12
5 8
5 9
5 15
6 16
7 12
8 9
8 15
8 37
9 15
9 37
12 23
13 94
15 37
15 94
16 98
17 19
18 86
19 22
20 21
20 40
20 63
21 52
21 63
23 82
24 68
24 85
25 65
26 97
31 32
32 41
33 57
34 48
34 60
36 73
36 92
39 44
39 97
40 92
41 83
42 94
43 96
44 58
45 59
45 71
46 52
46 93
48 60
52 75
52 93
54 74
56 70
56 73
61 91
62 64
66 95
67 84
68 85
71 81
76 89
77 79
79 80
Check Num (every 0.1 seconds): 25
Close Contacts: 68
0 4
0 89
1 19
1 22
2 5
2 8
4 7
4 12
5 8
5 9
6 16
7 12
8 9
8 15
8 37
9 15
9 37
12 23
13 94
15 37
15 94
16 98
17 19
18 86
19 22
20 21
20 40
20 63
21 52
21 63
23 82
24 68
24 85
25 65
26 97
31 32
32 41
33 57
34 48
34 60
36 73
36 92
39 44
39 97
40 92
41 83
42 94
43 96
44 58
45 59
45 71
46 52
46 93
48 60
52 75
52 93
54 74
56 70
56 73
61 91
62 64
66 95
67 84
68 85
71 81
76 89
77 79
79 80
Check Num (every 0.1 seconds): 26
Close Contacts: 68
0 4
0 89
1 19
1 22
2 5
2 8
4 7
4 12
5 8
5 9
6 16
7 12
8 9
8 15
8 37
9 15
9 37
12 23
13 94
15 37
15 94
16 98
17 19
18 86
19 22
20 21
20 40
20 63
21 52
21 63
23 82
24 68
24 85
25 65
26 97
31 32
32 41
33 57
34 48
34 60
36 73
36 92
39 44
39 97
40 92
41 83
42 94
43 96
44 58
45 59
45 71
46 52
46 93
48 60
52 75
52 93
54 74
56 70
56 73
61 91
62 64
66 95
67 84
68 85
71 81
76 89
77 79
79 80
Check Num (every 0.1 seconds): 27
Close Contacts: 68
0 4
0 76
0 89
1 19
1 22
2 5
2 8
4 7
4 12
5 8
5 9
6 16
7 12
8 9
8 15
8 37
9 15
12 23
13 94
15 37
15 94
16 98
17 19
18 86
19 22
20 21
20 40
20 63
21 52
21 63
23 82
24 68
24 85
25 65
26 97
31 32
31 41
32 41
33 57
34 48
34 60
36 73
36 92
39 44
39 97
40 92
42 94
43 96
44 58
45 59
45 71
46 52
46 93
48 60
52 75
52 93
54 74
56 70
56 73
61 91
62 64
66 95
67 84
68 85
71 81
76 89
77 79
79 80
Check Num (every 0.1 seconds): 28
Close Contacts: 68
0 4
0 76
0 89
1 19
1 22
2 5
2 8
4 7
4 12
5 8
5 9
6 16
7 12
8 9
8 15
8 37
9 15
12 23
13 94
15 37
15 94
16 98
17 19
18 86
19 22
20 21
20 40
20 63
21 52
21 63
23 82
24 68
24 85
25 65
26 97
31 32
31 41
32 41
33 57
34 48
34 60
36 73
36 92
39 44
39 97
40 92
42 94
43 96
44 58
45 59
45 71
46 52
46 93
48 60
52 75
52 93
54 74
56 70
56 73
61 91
66 95
67 84
68 85
71 81
76 82
76 89
77 79
79 80
Check Num (every 0.1 seconds): 29
Close Contacts: 67
0 4
0 76
0 89
1 19
1 22
2 5
2 8
4 7
4 12
5 8
5 9
6 16
7 12
8 9
8 15
8 37
9 15
12 23
13 94
15 37
16 98
17 19
18 86
19 22
20 21
20 40
20 63
21 52
21 63
23 82
24 68
24 85
25 65
26 97
31 32
31 41
32 41
33 57
34 48
34 60
36 73
36 92
39 44
39 97
40 92
42 94
43 96
44 58
45 59
45 71
46 52
46 93
48 60
52 75
52 93
54 74
56 70
56 73
61 91
66 95
67 84
68 85
71 81
76 82
76 89
77 79
79 80
Check Num (every 0.1 seconds): 30
Close Contacts: 66
0 4
0 76
0 89
1 19
1 22
2 5
2 8
4 7
4 12
5 8
5 9
6 16
7 12
8 9
8 15
8 37
9 15
12 23
13 94
15 37
16 98
17 19
18 86
19 22
20 21
20 40
20 63
21 52
21 63
23 82
24 68
24 85
25 65
26 97
31 32
31 41
32 41
33 57
34 48
34 60
36 73
36 92
39 44
39 97
40 92
42 94
43 96
44 58
45 59
45 71
46 52
46 93
48 60
52 75
52 93
56 70
56 73
61 91
66 95
67 84
68 85
71 81
76 82
76 89
77 79
79 80
Check Num (every 0.1 seconds): 31
Close Contacts: 66
0 4
0 76
0 89
1 19
1 22
2 5
2 8
4 7
4 12
5 8
5 9
6 16
7 12
8 9
8 15
8 37
9 15
12 23
13 94
15 37
16 98
17 19
18 86
19 22
20 21
20 40
20 63
21 52
21 63
23 82
24 68
24 85
25 65
26 97
31 32
31 41
32 41
33 57
34 48
34 60
36 73
36 92
39 44
39 97
40 92
42 94
43 96
44 58
45 59
45 71
46 52
46 93
48 60
52 75
52 93
56 70
56 73
61 91
66 95
67 84
68 85
71 81
76 82
76 89
77 79
79 80
Check Num (every 0.1 seconds): 32
Close Contacts: 68
0 4
0 76
0 89
1 19
1 22
2 5
2 8
4 7
4 12
5 8
5 9
6 11
6 16
7 12
8 9
8 15
8 37
9 15
12 23
13 94
15 37
16 98
17 19
18 86
19 22
20 21
20 40
20 63
21 52
21 63
23 82
24 68
24 85
25 65
26 97
31 32
31 41
32 41
33 57
34 48
34 60
36 73
36 92
39 44
39 97
40 92
42 94
43 96
44 58
45 59
45 71
45 81
46 52
46 93
48 60
52 75
52 93
56 70
56 73
61 91
66 95
67 84
68 85
71 81
76 82
76 89
77 79
79 80
Check Num (every 0.1 seconds): 33
Close Contacts: 73
0 4
0 76
0 89
1 19
1 22
2 5
2 8
4 7
4 12
5 8
5 9
5 15
6 11
6 14
6 16
7 12
8 9
8 15
8 37
9 15
9 48
10 69
12 23
13 94
15 37
16 98
17 19
18 86
19 22
20 21
20 40
20 63
21 52
21 63
23 82
24 68
24 85
25 65
26 97
31 32
31 41
32 41
33 57
34 48
34 60
36 73
36 92
39 44
39 97
40 92
42 94
43 96
44 58
45 59
45 71
45 81
46 52
46 93
48 60
52 75
52 93
56 70
56 73
59 71
61 91
66 95
67 84
68 85
71 81
76 82
76 89
77 79
79 80
Check Num (every 0.1 seconds): 34
Close Contacts: 73
0 4
0 76
0 89
1 19
1 22
2 5
2 8
4 7
4 12
5 8
5 9
5 15
6 11
6 14
6 16
7 12
8 9
8 15
8 37
9 15
9 48
10 69
12 23
13 94
15 37
16 98
17 19
18 86
19 22
20 21
20 40
20 63
21 52
21 63
23 82
24 68
24 85
25 65
26 97
31 32
31 41
32 41
33 57
34 48
34 60
36 73
36 92
39 44
39 97
40 92
42 94
43 96
44 58
45 59
45 71
45 81
46 52
46 93
48 60
52 75
52 93
56 70
56 73
59 71
61 91
66 95
67 84
68 85
71 81
76 82
76 89
77 79
79 80
Check Num (every 0.1 seconds): 35
Close Contacts: 73
0 4
0 76
0 89
1 19
1 22
2 5
2 8
4 7
4 12
5 8
5 9
5 15
5 34
6 11
6 14
6 16
7 12
8 9
8 15
8 37
9 15
9 48
10 69
12 23
13 94
16 98
17 19
18 86
19 22
20 21
20 40
20 63
21 52
21 63
23 82
24 68
24 85
25 65
26 97
31 32
31 41
32 41
33 57
34 48
34 60
36 73
36 92
39 44
39 97
40 92
42 94
43 96
44 58
45 59
45 71
45 81
46 52
46 93
48 60
52 75
52 93
56 70
56 73
59 71
61 91
66 95
67 84
68 85
71 81
76 82
76 89
77 79
79 80
